240
0
68
0
69
0
240
0
68
0
69
0
240
5
0
216
2
87
3
241
4
0
5
0
6
63
7
63
8
63
9
127
10
127
11
255
12
0
14
0
15
0
17
16
18
179
19
198
20
0
21
0
22
32
23
206
24
5
25
2
30
128
31
4
32
208
33
32
34
15
35
0
36
64
37
0
38
5
39
0
42
15
45
4
46
0
47
4
49
47
50
0
51
40
52
3
53
21
54
0
55
4
56
8
57
20
58
10
59
0
62
192
63
3
64
11
65
52
66
0
67
70
68
0
69
0
70
192
71
5
72
192
73
4
74
192
75
52
76
192
77
103
78
192
79
103
80
192
81
0
82
192
83
5
84
192
85
192
86
33
87
192
88
5
89
192
90
1
91
200
92
6
99
15
240
0
64
124
65
69
67
0
68
1
69
0
70
95
71
7
72
63
73
0
74
0
75
0
77
42
78
0
79
0
80
0
82
0
83
0
84
0
87
0
88
0
89
0
240
1
0
96
1
224
2
100
3
255
4
255
5
255
6
255
7
255
8
255
9
255
10
255
11
79
12
134
13
5
14
89
15
203
16
18
17
0
18
71
19
0
20
44
21
3
22
92
23
0
24
87
25
3
26
135
27
0
28
4
29
2
30
8
31
0
32
24
33
0
34
114
35
3
36
123
37
6
38
127
39
6
40
4
41
0
42
0
133
12
134
202
48
202
49
0
50
128
51
0
52
63
53
0
54
128
55
44
56
204
57
0
58
0
59
0
60
0
61
1
62
192
63
0
64
0
65
1
66
192
67
0
68
0
69
1
70
192
71
0
72
0
73
1
74
192
75
0
76
0
77
1
78
192
79
0
80
0
81
1
82
192
83
0
84
0
85
0
96
208
97
34
98
32
99
39
100
65
101
62
102
178
103
154
104
78
105
214
106
177
107
142
108
124
109
99
110
139
111
118
112
112
113
98
114
133
115
105
116
83
117
72
118
93
119
148
120
178
121
70
122
198
123
238
124
140
125
98
126
118
127
156
128
0
129
0
130
53
131
0
240
2
0
2
1
3
2
204
3
0
4
0
5
0
6
5
7
5
8
7
9
0
10
76
11
4
12
204
13
152
14
255
15
73
16
33
17
136
18
142
19
0
20
0
21
0
22
124
23
35
24
214
25
208
26
0
27
16
31
16
32
81
33
2
34
4
35
15
36
0
38
76
39
12
40
0
41
0
42
0
43
0
44
0
45
0
46
0
47
0
48
0
49
0
50
52
51
0
52
136
53
71
54
3
55
11
56
4
57
100
58
11
59
4
60
143
240
4
0
16
1
48
2
0
3
0
4
48
5
17
6
66
7
48
8
1
9
148
10
17
11
127
12
0
13
116
14
0
15
6
16
0
17
146
18
1
19
1
20
150
21
5
22
0
23
0
24
0
25
0
26
0
27
0
28
0
29
0
32
0
33
43
34
3
35
31
36
255
37
255
38
207
39
255
40
255
41
31
43
164
44
30
45
0
46
128
47
0
48
0
49
0
50
0
51
8
52
0
53
0
54
16
55
180
56
204
57
183
58
0
59
2
60
0
61
4
62
3
63
0
64
4
65
0
66
105
67
0
68
255
69
255
70
7
71
255
72
255
73
7
74
1
75
68
77
224
78
40
79
62
80
192
81
0
82
0
83
0
84
104
85
1
86
192
87
180
88
204
89
90
90
204
91
76
240
0
144
0
145
0
146
0
147
0
148
0
149
0
150
0
151
0
152
0
240
3
0
0
1
92
2
84
3
178
4
2
5
68
6
9
7
35
8
251
9
129
10
113
11
0
12
0
13
6
14
8
15
128
16
73
17
100
18
15
19
35
20
59
21
130
22
72
23
179
24
39
25
2
26
0
27
0
28
0
29
0
30
0
31
0
32
0
33
0
34
0
35
0
36
96
37
3
38
0
39
207
40
38
41
32
42
220
43
17
44
224
45
47
46
32
47
240
48
64
49
26
50
0
51
0
52
0
53
125
54
31
55
44
56
0
57
0
58
0
59
0
60
0
61
0
62
128
63
0
64
3
65
3
66
0
67
0
68
248
69
31
70
248
71
31
72
248
73
30
74
208
75
32
76
248
77
10
78
142
79
30
80
48
81
0
82
56
83
8
84
36
85
10
86
11
87
234
88
26
89
0
90
0
91
26
92
0
93
196
94
63
95
4
96
4
97
155
98
128
99
9
100
233
101
239
102
127
103
64
104
210
105
13
106
216
107
223
108
63
109
0
110
0
111
0
112
0
113
8
114
0
115
180
116
5
128
0
129
0
130
0
131
0
132
0
133
0
134
0
135
0
136
0
137
0
138
0
139
0
140
0
141
0
142
0
143
0
240
0
68
37
69
1
79
48
240
4
0
130
240
5
17
144
24
133
25
130
240
1
0
96
240
5
3
241
240
5
2
2
87
240
5
17
17
16
17
144
24
24
5
24
133
240
5
0
216
2
87
3
251
4
0
5
0
6
64
7
64
8
64
9
120
10
120
11
120
12
0
14
0
15
0
17
16
18
179
19
198
20
0
21
0
22
32
23
204
24
5
25
2
30
128
31
4
32
208
33
32
34
15
35
0
36
64
37
0
38
5
39
0
42
15
45
4
46
0
47
4
49
47
50
0
51
40
52
3
53
21
54
0
55
4
56
4
57
16
58
10
59
0
62
192
63
3
64
11
65
40
66
192
67
59
68
192
69
0
70
192
71
5
72
192
73
4
74
192
75
52
76
192
77
103
78
192
79
103
80
192
81
0
82
192
83
5
84
192
85
192
86
33
87
192
88
5
89
192
90
1
91
200
92
6
99
0
240
0
64
60
65
69
67
0
68
1
69
0
70
95
71
7
72
0
73
0
74
0
75
0
77
0
78
0
79
0
80
0
82
0
83
0
84
0
87
0
88
0
89
0
240
1
0
34
1
224
2
100
3
255
4
255
5
255
6
255
7
255
8
255
9
255
10
255
11
79
12
134
13
5
14
89
15
203
16
18
17
0
18
71
19
0
20
44
21
3
22
92
23
0
24
87
25
3
26
135
27
0
28
252
29
1
30
28
31
0
32
24
33
0
34
114
35
3
36
123
37
6
38
127
39
6
40
4
41
0
42
0
133
12
134
202
48
202
49
0
50
128
51
0
52
63
53
0
54
128
55
44
56
204
57
0
58
0
59
0
60
0
61
1
62
192
63
0
64
0
65
1
66
192
67
0
68
0
69
1
70
192
71
0
72
0
73
1
74
192
75
0
76
0
77
1
78
192
79
0
80
0
81
1
82
192
83
0
84
0
85
0
96
208
97
34
98
32
99
39
100
65
101
62
102
178
103
154
104
78
105
214
106
177
107
142
108
124
109
99
110
139
111
118
112
112
113
98
114
133
115
105
116
83
117
72
118
93
119
148
120
178
121
70
122
198
123
238
124
140
125
98
126
118
127
156
128
0
129
0
130
53
131
0
240
2
0
2
1
3
2
204
3
0
4
0
5
0
6
5
7
5
8
7
9
0
10
76
11
4
12
204
13
152
14
255
15
73
16
33
17
136
18
142
19
0
20
0
21
0
22
124
23
35
24
214
25
208
26
0
27
16
31
16
32
81
33
2
34
4
35
15
36
0
38
76
39
12
40
0
41
0
42
0
43
0
44
0
45
0
46
0
47
0
48
0
49
0
50
52
51
0
52
136
53
71
54
3
55
11
56
4
57
100
58
11
59
4
60
143
240
4
0
16
1
48
2
0
3
0
4
48
5
17
6
66
7
48
8
1
9
148
10
17
11
127
12
0
13
116
14
0
15
6
16
0
17
146
18
1
19
1
20
150
21
5
22
0
23
0
24
0
25
0
26
0
27
0
28
0
29
0
32
0
33
43
34
3
35
31
36
255
37
255
38
207
39
255
40
255
41
31
43
164
44
30
45
0
46
128
47
0
48
0
49
0
50
0
51
8
52
0
53
0
54
16
55
180
56
204
57
180
58
0
59
2
60
0
61
4
62
3
63
0
64
4
65
0
66
105
67
0
68
255
69
255
70
7
71
255
72
255
73
7
74
1
75
68
77
224
78
40
79
62
80
192
81
0
82
0
83
0
84
104
85
1
86
192
87
180
88
204
89
90
90
204
91
76
240
0
144
0
145
0
146
0
147
0
148
0
149
0
150
0
151
0
152
0
240
3
0
0
1
92
2
84
3
178
4
6
5
196
6
9
7
35
8
251
9
129
10
113
11
0
12
0
13
6
14
8
15
128
16
73
17
100
18
15
19
35
20
59
21
130
22
72
23
179
24
39
25
2
26
0
27
0
28
0
29
0
30
0
31
0
32
0
33
0
34
0
35
0
36
96
37
3
38
0
39
207
40
38
41
32
42
220
43
17
44
224
45
47
46
32
47
240
48
64
49
26
50
0
51
0
52
0
53
149
54
32
55
45
56
0
57
0
58
237
59
0
60
0
61
0
62
128
63
0
64
3
65
3
66
0
67
0
68
248
69
30
70
248
71
30
72
248
73
30
74
208
75
32
76
248
77
10
78
142
79
30
80
48
81
0
82
56
83
8
84
36
85
10
86
11
87
234
88
26
89
0
90
0
91
26
92
0
93
196
94
63
95
4
96
4
97
155
98
128
99
9
100
233
101
239
102
127
103
64
104
210
105
13
106
216
107
223
108
63
109
0
110
0
111
0
112
0
113
8
114
0
115
180
116
5
128
0
129
0
130
0
131
0
132
0
133
0
134
0
135
0
136
0
137
0
138
0
139
0
140
0
141
0
142
0
143
0
240
0
68
37
69
1
79
48
240
4
0
130
240
5
17
144
24
133
25
130
240
0
65
21
240
1
240
2
240
3
1
5
2
196
3
160
4
176
5
35
6
6
7
3
8
250
10
124
11
0
13
2
14
8
16
242
17
163
18
11
19
3
20
58
22
101
23
111
24
255
240
1
0
96
240
5
3
241
240
5
2
2
87
240
5
17
17
16
17
144
24
24
5
24
133
240
3
58
0
240
3
53
125
240
3
54
31
55
44
56
0
57
0
240
3
69
31
71
31
240
1
12
12
38
13
189
36
74
37
21
38
32
39
22
32
74
33
23
34
15
35
0
16
71
17
222
18
108
19
47
20
72
21
222
22
22
23
12
24
21
25
13
26
30
27
16
240
3
23
22
19
23
114
240
3
4
184
5
135
6
128
240
4
57
73
58
1
240
1
28
54
29
20
30
217
31
21
240
2
41
97
42
97
43
97
44
97
45
97
46
97
47
97
48
97
240
3
23
23
242
24
63
240
5
56
3
240
5
57
31
240
5
65
39
66
6
240
5
67
126
68
6
240
5
9
127
240
5
10
127
240
5
11
127
240
5
6
63
240
5
7
63
240
5
8
63
240
0
68
0
69
0
240
5
0
216
2
87
3
241
4
0
5
0
6
63
7
63
8
63
9
127
10
127
11
255
12
0
14
0
15
0
17
16
18
179
19
198
20
0
21
0
22
32
23
206
24
5
25
2
30
128
31
4
32
208
33
32
34
15
35
0
36
64
37
0
38
5
39
0
42
15
45
4
46
0
47
4
49
47
50
0
51
40
52
3
53
21
54
0
55
4
56
8
57
20
58
10
59
0
62
192
63
3
64
11
65
52
66
0
67
70
68
0
69
0
70
192
71
5
72
192
73
4
74
192
75
52
76
192
77
103
78
192
79
103
80
192
81
0
82
192
83
5
84
192
85
192
86
33
87
192
88
5
89
192
90
1
91
200
92
6
99
15
240
0
64
124
65
69
67
0
68
1
69
0
70
95
71
7
72
63
73
0
74
0
75
0
77
42
78
0
79
0
80
0
82
0
83
0
84
0
87
0
88
0
89
0
240
1
0
96
1
224
2
100
3
255
4
255
5
255
6
255
7
255
8
255
9
255
10
255
11
79
12
134
13
5
14
89
15
203
16
18
17
0
18
71
19
0
20
44
21
3
22
92
23
0
24
87
25
3
26
135
27
0
28
4
29
2
30
8
31
0
32
24
33
0
34
114
35
3
36
123
37
6
38
127
39
6
40
4
41
0
42
0
133
12
134
202
48
202
49
0
50
128
51
0
52
63
53
0
54
128
55
44
56
204
57
0
58
0
59
0
60
0
61
1
62
192
63
0
64
0
65
1
66
192
67
0
68
0
69
1
70
192
71
0
72
0
73
1
74
192
75
0
76
0
77
1
78
192
79
0
80
0
81
1
82
192
83
0
84
0
85
0
96
208
97
34
98
32
99
39
100
65
101
62
102
178
103
154
104
78
105
214
106
177
107
142
108
124
109
99
110
139
111
118
112
112
113
98
114
133
115
105
116
83
117
72
118
93
119
148
120
178
121
70
122
198
123
238
124
140
125
98
126
118
127
156
128
0
129
0
130
53
131
0
240
2
0
2
1
3
2
204
3
0
4
0
5
0
6
5
7
5
8
7
9
0
10
76
11
4
12
204
13
152
14
255
15
73
16
33
17
136
18
142
19
0
20
0
21
0
22
124
23
35
24
214
25
208
26
0
27
16
31
16
32
81
33
2
34
4
35
15
36
0
38
76
39
12
40
0
41
0
42
0
43
0
44
0
45
0
46
0
47
0
48
0
49
0
50
52
51
0
52
136
53
71
54
3
55
11
56
4
57
100
58
11
59
4
60
143
240
4
0
16
1
48
2
0
3
0
4
48
5
17
6
66
7
48
8
1
9
148
10
17
11
127
12
0
13
116
14
0
15
6
16
0
17
146
18
1
19
1
20
150
21
5
22
0
23
0
24
0
25
0
26
0
27
0
28
0
29
0
32
0
33
43
34
3
35
31
36
255
37
255
38
207
39
255
40
255
41
31
43
164
44
30
45
0
46
128
47
0
48
0
49
0
50
0
51
8
52
0
53
0
54
16
55
180
56
204
57
183
58
0
59
2
60
0
61
4
62
3
63
0
64
4
65
0
66
105
67
0
68
255
69
255
70
7
71
255
72
255
73
7
74
1
75
68
77
224
78
40
79
62
80
192
81
0
82
0
83
0
84
104
85
1
86
192
87
180
88
204
89
90
90
204
91
76
240
0
144
0
145
0
146
0
147
0
148
0
149
0
150
0
151
0
152
0
240
3
0
0
1
92
2
84
3
178
4
2
5
68
6
9
7
35
8
251
9
129
10
113
11
0
12
0
13
6
14
8
15
128
16
73
17
100
18
15
19
35
20
59
21
130
22
72
23
179
24
39
25
2
26
0
27
0
28
0
29
0
30
0
31
0
32
0
33
0
34
0
35
0
36
96
37
3
38
0
39
207
40
38
41
32
42
220
43
17
44
224
45
47
46
32
47
240
48
64
49
26
50
0
51
0
52
0
53
125
54
31
55
44
56
0
57
0
58
0
59
0
60
0
61
0
62
128
63
0
64
3
65
3
66
0
67
0
68
248
69
31
70
248
71
31
72
248
73
30
74
208
75
32
76
248
77
10
78
142
79
30
80
48
81
0
82
56
83
8
84
36
85
10
86
11
87
234
88
26
89
0
90
0
91
26
92
0
93
196
94
63
95
4
96
4
97
155
98
128
99
9
100
233
101
239
102
127
103
64
104
210
105
13
106
216
107
223
108
63
109
0
110
0
111
0
112
0
113
8
114
0
115
180
116
5
128
0
129
0
130
0
131
0
132
0
133
0
134
0
135
0
136
0
137
0
138
0
139
0
140
0
141
0
142
0
143
0
240
0
68
37
69
1
79
48
240
4
0
130
240
5
17
144
24
133
25
130
240
1
0
96
240
5
3
241
240
5
2
2
87
240
5
17
17
16
17
144
24
24
5
24
133
240
0
68
0
69
0
240
0
68
0
69
0
240
3
58
0
240
3
53
125
240
3
54
31
55
44
56
0
57
0
240
3
69
31
71
31
240
1
12
12
134
13
134
36
48
37
38
38
32
39
34
32
36
33
18
34
40
35
22
16
48
17
26
18
48
19
32
20
98
21
32
22
82
23
71
24
48
25
83
26
95
27
66
240
3
23
22
208
23
175
240
3
4
241
5
79
6
255
240
4
57
1
58
0
240
1
28
10
29
254
30
14
31
0
240
3
23
23
143
24
9
240
5
56
3
240
5
57
31
240
5
65
39
66
6
240
5
67
126
68
6
240
5
9
127
240
5
10
127
240
5
11
127
240
5
6
63
240
5
7
63
240
5
8
63
240
0
68
0
69
0
240
1
0
96
240
5
3
241
240
5
2
2
87
240
5
17
17
16
17
144
24
24
5
24
133